1.3
k: 4
(16.9, 3.8199999999999994, 2.3999999999999995)
k: 6
(28.1, 5.220000000000001, 2.4733333333333336)
k: 8
(41.5, 7.040000000000001, 2.8733333333333335)
k: 10
(53.4, 7.42, 3.66)
k: 12
(63.6, 8.54, 4.093333333333334)
M: 20.35 3.2039999999999997 1.55
S: 1.4
k: 4
(17.7, 3.4799999999999995, 2.4000000000000004)
k: 6
(33.0, 4.300000000000001, 2.8800000000000003)
k: 8
(45.1, 6.1, 3.28)
k: 10
(53.2, 8.599999999999998, 3.88)
k: 12
(72.8, 7.26, 3.5799999999999996)
M: 22.18 2.9739999999999993 1.6019999999999999
S: 1.5
k: 4
(12.3, 3.6, 2.12)
k: 6
(22.0, 4.96, 2.7)
k: 8
(34.4, 6.74, 3.4333333333333336)
k: 10
(39.4, 6.4, 4.546666666666666)
k: 12
(49.0, 7.779999999999999, 3.6866666666666665)
M: 15.709999999999999 2.9480000000000004 1.6486666666666667
S. 1.6
k: 4
(13.3, 3.16, 2.2)
k: 6
(19.6, 4.840000000000001, 2.7)
k: 8
(28.9, 6.74, 3.8)
k: 10
(37.5, 6.26, 4.126666666666667)
k: 12
(43.1, 6.14, 4.120000000000001)
M: 14.24 2.714 1.6946666666666665
S: 1.7
k: 4
(13.3, 2.96, 2.2733333333333334)
k: 6
(22.3, 3.62, 2.793333333333334)
k: 8
(32.7, 4.76, 3.2333333333333334)
k: 10
(41.0, 5.18, 3.8133333333333335)
k: 12
(47.6, 6.32, 3.3400000000000007)
M: 15.690000000000001 2.284 1.5453333333333332
S: 1.8
k: 4
(10.9, 3.54, 2.293333333333334)
k: 6
(19.8, 3.96, 2.9066666666666667)
k: 8
(27.8, 4.159999999999999, 3.673333333333333)
k: 10
(35.9, 5.3, 3.6266666666666665)
k: 12
(42.2, 5.4399999999999995, 3.8733333333333335)
M: 13.660000000000002 2.2399999999999998 1.6373333333333335
S: 1.9
k: 4
(10.6, 2.8199999999999994, 2.2600000000000002)
k: 6
(18.1, 5.4399999999999995, 2.393333333333333)
k: 8
(24.4, 6.639999999999999, 3.1066666666666665)
k: 10
(30.9, 5.24, 5.053333333333333)
k: 12
(37.7, 7.38, 4.593333333333334)
M: 12.17 2.752 1.7406666666666666
S: 2.0
k: 4
(9.5, 3.1, 2.1533333333333333)
k: 6
(17.5, 4.42, 2.7399999999999998)
k: 8
(23.6, 3.5799999999999996, 3.1399999999999997)
k: 10
(29.2, 4.94, 3.1399999999999997)
k: 12
(36.0, 7.9, 4.493333333333333)
M: 11.58 2.3939999999999997 1.5666666666666664
