	======== S: 1.3 ========
k: 4
(13.4, 2.86, 1.7533333333333334)
k: 6
(21.4, 4.34, 2.2133333333333334)
k: 8
(28.7, 5.62, 2.7199999999999998)
k: 10
(36.7, 7.160000000000001, 3.253333333333333)
k: 12
(44.9, 8.84, 3.546666666666667)
M: 14.51 2.882 1.3486666666666667
	======== S: 1.4 ========
k: 4
(13.4, 2.8, 1.6333333333333333)
k: 6
(20.1, 4.1, 2.146666666666667)
k: 8
(27.7, 5.36, 2.546666666666667)
k: 10
(33.1, 6.319999999999999, 3.093333333333333)
k: 12
(42.7, 7.88, 3.3866666666666667)
M: 13.7 2.646 1.2806666666666666
	======== S: 1.5 ========
k: 4
(12.2, 2.5000000000000004, 1.6199999999999999)
k: 6
(18.6, 3.9, 2.0733333333333333)
k: 8
(25.3, 4.98, 2.38)
k: 10
(31.9, 6.359999999999999, 2.88)
k: 12
(39.4, 7.140000000000001, 3.2866666666666666)
M: 12.74 2.4880000000000004 1.224
	======== S: 1.6 ========
k: 4
(11.4, 2.9400000000000004, 1.5666666666666667)
k: 6
(17.8, 3.9200000000000004, 1.9133333333333333)
k: 8
(23.0, 5.1, 2.24)
k: 10
(29.8, 6.12, 2.52)
k: 12
(35.0, 7.18, 2.9266666666666667)
M: 11.7 2.5260000000000002 1.1166666666666667
	======== S: 1.7 ========
k: 4
(11.3, 2.54, 1.52)
k: 6
(17.4, 3.5199999999999996, 1.86)
k: 8
(22.3, 4.3999999999999995, 2.14)
k: 10
(27.8, 5.9, 2.466666666666667)
k: 12
(34.0, 6.94, 2.8266666666666667)
M: 11.28 2.33 1.0813333333333333
	======== S: 1.8 ========
k: 4
(10.1, 2.4200000000000004, 1.4933333333333334)
k: 6
(15.5, 3.4200000000000004, 1.8466666666666665)
k: 8
(21.0, 4.580000000000001, 1.9999999999999996)
k: 10
(26.2, 5.42, 2.4400000000000004)
k: 12
(31.9, 6.38, 2.693333333333334)
M: 10.469999999999999 2.2220000000000004 1.0473333333333334
	======== S: 1.9 ========
k: 4
(9.5, 2.2199999999999998, 1.4200000000000002)
k: 6
(15.3, 2.8, 1.7933333333333334)
k: 8
(19.7, 3.6399999999999997, 1.993333333333333)
k: 10
(24.4, 4.46, 2.2600000000000002)
k: 12
(30.0, 5.4799999999999995, 2.6)
M: 9.89 1.86 1.0066666666666666
	======== S: 2.0 ========
k: 4
(9.0, 2.4, 1.3933333333333335)
k: 6
(14.4, 3.3600000000000003, 1.7133333333333336)
k: 8
(19.0, 4.3, 1.9933333333333334)
k: 10
(23.2, 5.24, 2.2533333333333334)
k: 12
(28.4, 5.88, 2.5733333333333333)
M: 9.4 2.118 0.9926666666666666
